0,0 0 0
0,15 1 5
0,22 3 0
0,0 22 0
0,14 5 24
0,30 0 0
0,49 18 92
0,0 486 98
0,3 0 8
0,43 98 88
0,0 0 0
0,0 0 2
0,87 0 0
0,43 0 0
0,0 210 0
0,57 89 14
0,90 187 188
0,51 35 13
0,30 38 202
0,0 0 8
0,44 120 0
0,0 0 2
0,67 211 64
0,28 280 0
0,0 300 0
0,0 0 0
0,0 283 0
0,0 293 0
0,0 113 0
0,297 0 0
0,294 0 0
0,299 0 0
0,294 0 0
0,300 0 0
0,299 0 0
0,44 0 0
0,180 230 166
0,98 122 0
0,80 111 13
0,12 180 0
0,18 290 95
0,45 23 13
0,44 232 12
0,50 135 54
0,51 38 14
0,80 0 0
0,220 280 16
0,183 239 0
0,109 110 290
0,1 0 222
1,980 0 0
1,480 0 0
1,670 0 8
1,290 0 0 
1,640 230 188
1,443 180 87
1,807 308 88
1,480 32 5
1,990 0 0
1,788 0 0
1,298 0 156
1,788 199 15
1,460 22 10
1,477 29 14
1,396 29 40
1,550 0 27
1,333 249 87
1,880 80 8
1,558 96 48
1,780 299 8
1,474 89 0
1,473 28 13
1,511 190 90
1,688 0 231
1,340 290 122
1,390 290 280
1,680 300 28
1,702 300 0
1,529 134 65
1,480 89 12
1,678 0 0
1,980 0 0
1,477 211 170
1,400 154 98
1,552 0 296
1,627 0 103
1,607 31 15
1,630 23 13
1,563 30 13
1,550 25 13
1,550 26 12
1,809 0 0
1,811 113 21
1,767 88 18
1,420 13 5
1,466 58 8
1,533 100 0
1,340 189 99
1,358 30 9
1,445 99 35
2,0 988 0
2,0 999 0
2,0 989 0
2,0 976 0
2,0 888 0
2,0 690 0
2,0 334 0
2,0 886 0
2,0 768 48
2,0 966 233
2,3 440 178
2,18 590 350
2,8 770 280
2,1 559 388
2,89 503 88
2,23 860 383
2,0 0 620
2,0 0 688
2,0 0 340
2,203 0 390
2,89 744 200
2,3 607 144
2,8 708 188
2,63 490 248
2,34 879 231
2,12 381 88
2,48 789 54
2,61 309 18
2,64 528 121
2,25 607 430
2,24 800 387
2,79 384 203
2,120 909 22
2,180 290 430
2,166 368 14
2,0 445 43
2,230 360 113
2,299 458 4
2,29 889 409
2,223 554 65
2,67 933 130
2,180 536 68
2,32 833 79
2,48 661 0
2,99 429 8
2,66 884 18
2,0 180 112
2,0 298 177
2,0 280 256
2,5 0 283
3,0 3200 0
3,0 2088 71
3,0 1250 0
3,0 988 234
3,850 2992 13
3,460 0 498
3,480 930 122
3,678 290 90
3,130 2089 630
3,300 987 33
3,380 2700 99
